read_miss: 471932
read_hit: 1259955
write_miss: 10323
write_hit: 215559
read_hit_rate: 0.727504
write_hit_rate: 0.954299
